# R
# row: gusher you are coming from
# column: gusher you are going to
#    @,     a,     b,     c,     d,     e,     f,     g
  0.00,  0.89,  1.74,  1.98,  2.18,  1.50,  2.92,  2.52
  0.89,  0.00,  1.89,  2.56,  3.05,  1.36,  3.72,  2.40
  1.74,  1.89,  0.00,  1.17,  2.57,  3.12,  4.14,  4.18
  1.98,  2.56,  1.17,  0.00,  1.60,  3.47,  3.45,  4.47
  2.18,  3.05,  2.57,  1.60,  0.00,  3.34,  1.96,  4.11
  1.50,  1.36,  3.12,  3.47,  3.34,  0.00,  3.22,  1.06
  2.92,  3.72,  4.14,  3.45,  1.96,  3.22,  0.00,  3.49
  2.52,  2.40,  4.18,  4.47,  4.11,  1.06,  3.49,  0.00
