# Marooner's Bay
# norm: 2
# row: gusher you are coming from
# column: gusher you are going to
#     @,      a,      b,      c,      d,      e,      f,      g,      h
  0.000,  0.000,  0.000,  0.000,  0.000,  0.000,  0.000,  0.000,  0.000
  0.000,  0.000,  0.000,  0.000,  0.000,  0.000,  0.000,  0.000,  0.000
  1.000,  1.250,  0.000,  0.000,  0.500,  0.000,  0.000,  0.000,  0.000
  0.270,  0.500,  0.000,  0.000,  1.250,  0.000,  0.000,  0.000,  0.000
  0.000,  0.000,  0.000,  0.000,  0.000,  0.000,  0.000,  0.000,  0.000
  0.000,  0.000,  0.000,  0.000,  0.000,  0.000,  0.000,  0.000,  0.000
  0.000,  0.000,  0.000,  0.000,  0.000,  0.000,  0.000,  0.000,  0.000
  0.000,  0.000,  0.000,  0.000,  0.000,  0.000,  0.000,  0.000,  0.000
  0.000,  0.000,  0.000,  0.000,  0.000,  0.000,  0.000,  0.000,  0.000
